161.951433231 27.3854307438 0 0.716069761433 25
205.842035504 29.1516591948 0 0.718084101172 25
47.5235625182 27.4252494151 0 0.707376439716 25
17.920601741 29.3488353631 0 0.795100292113 25
301.065490801 29.2650312815 0 0.728631111912 25
156.937617611 25.0513551372 0 0.693122277819 25
271.808189197 29.4158525248 0 0.744045414333 25
179.135320516 27.7317199956 0 0.727731263899 25
146.768363044 27.473419673 0 0.811797893222 25
64.221381313 26.9398872293 0 0.917336514514 25
51.9195043753 27.0046561874 0 0.652168357479 25
67.4387143207 27.0845383127 0 0.660676172067 25
77.1695203038 26.2130844633 0 0.737164716274 25
196.482970449 27.3124168491 0 0.72123026954 25
303.858542105 29.2884229396 0 0.652516762271 25
103.851701317 26.8345141426 0 0.909999614957 25
104.407111001 27.2772682086 0 0.907763706976 25
61.2318030458 25.2962871622 0 0.924009163436 25
169.112554968 29.8932569667 0 0.815629916697 25
94.6439252567 25.073607319 0 0.872227166196 25
178.389615681 26.1683900436 0 0.704664609181 25
319.778506422 28.6925600524 0 0.754883866716 25
87.9510917769 27.4887488431 0 0.842528637907 25
191.374282694 28.4026619409 0 0.650587685758 25
